Webots Project File version 8.6
perspectives: 000000ff00000000fd000000030000000000000320000003d0fc0100000002fb0000001a0052006f0062006f0074003a00200065002d007000750063006b0000000000000003200000000000000000fb0000001a0044006f00630075006d0065006e0074006100740069006f006e0000000000ffffffff0000005400ffffff00000001000001a40000030dfc0200000001fb0000001400540065007800740045006400690074006f007201000000150000030d0000009d00ffffff0000000300000780000000bdfc0100000001fb0000000e0043006f006e0073006f006c00650100000000000007800000005400ffffff000005d60000030d00000001000000020000000100000008fc00000000
simulationViewPerspectives: 000000ff000000010000000200000200000003ae0100000006010000000100
sceneTreePerspectives: 000000ff0000000100000002000000c0000000fb0100000006010000000200
minimizedPerspectives: 
maximizedDockId: -1
centralWidgetVisible: 1
orthographicViewHeight: 1
textFiles: 0 "controllers/epuck_controller/epuck_controller.c"
documentationBook: 
documentationPage: 
renderingDevicePerspectives: 329;1;0.153846;0.0122951;0.00551724
