Webots Project File version 8.6
perspectives: 000000ff00000000fd000000030000000000000182000003d0fc0100000002fb0000001a0052006f0062006f0074003a00200065002d007000750063006b0100000000000001820000005400fffffffb0000001a0044006f00630075006d0065006e0074006100740069006f006e0000000000ffffffff0000005400ffffff000000010000037e0000030efc0200000001fb0000001400540065007800740045006400690074006f007201000000150000030e0000009d00ffffff00000003000005f8000000bcfc0100000001fb0000000e0043006f006e0073006f006c00650100000188000005f80000005400ffffff000002740000030e00000001000000020000000100000008fc00000000
simulationViewPerspectives: 000000ff00000001000000020000008e000002890100000006010000000100
sceneTreePerspectives: 000000ff0000000100000002000000c0000000fb0100000006010000000200
minimizedPerspectives: 
maximizedDockId: -1
centralWidgetVisible: 1
orthographicViewHeight: 1
textFiles: 0 "controllers/e_puck_astar_controller/e_puck_astar_controller.c" "../../../../Program Files/Webots/projects/robots/e-puck/controllers/e-puck_line/e-puck_line.c"
documentationBook: 
documentationPage: 
robotWindow: 77
renderingDevicePerspectives: 329;1;0.153846;0.9875;0.00550964
