Webots Project File version 8.6
perspectives: 000000ff00000000fd0000000300000000000001a1000003d0fc0100000002fb0000001a0052006f0062006f0074003a00200065002d007000750063006b0100000000000001a10000005400fffffffb0000001a0044006f00630075006d0065006e0074006100740069006f006e0000000000ffffffff0000005400ffffff00000001000003af000002f2fc0200000001fb0000001400540065007800740045006400690074006f00720100000015000002f20000009d00ffffff00000003000005d9000000d8fc0100000001fb0000000e0043006f006e0073006f006c006501000001a7000005d90000005400ffffff00000224000002f200000001000000020000000100000008fc00000000
simulationViewPerspectives: 000000ff000000010000000200000119000003900100000006010000000100
sceneTreePerspectives: 000000ff0000000100000002000000c00000007b0100000006010000000200
minimizedPerspectives: 
maximizedDockId: -1
centralWidgetVisible: 1
orthographicViewHeight: 1
textFiles: 0 "controllers/e_puck_astar_controller/e_puck_astar_controller.c"
documentationBook: 
documentationPage: 
robotWindow: 77
renderingDevicePerspectives: 329;1;0.153846;0.980843;0.00573066
